Webots Project File version R2022a
perspectives: 000000ff00000000fd00000003000000000000000000000000fc0100000001fb0000001a0044006f00630075006d0065006e0074006100740069006f006e0000000000ffffffff0000000000000000000000010000011c00000436fc0200000001fb0000001400540065007800740045006400690074006f00720100000016000004360000003f00ffffff0000000300000732000000d9fc0100000001fb0000001a0043006f006e0073006f006c00650041006c006c0041006c006c0100000000000007320000000000000000000004290000043600000001000000020000000100000008fc00000000
simulationViewPerspectives: 000000ff000000010000000200000172000008060100000002010000000100
sceneTreePerspectives: 000000ff0000000100000002000000c0000000fc0100000002010000000200
maximizedDockId: -1
centralWidgetVisible: 1
orthographicViewHeight: 1
textFiles: -1
renderingDevicePerspectives: vehicle:camera;1;1;0;0
renderingDevicePerspectives: vehicle:display;1;1;0.783847;4.53908e-10
renderingDevicePerspectives: vehicle:display_th;1;4.70313;0;0.0102612
