Webots Project File version R2022a
perspectives: 000000ff00000000fd00000002000000010000011c0000035bfc0200000001fb0000001400540065007800740045006400690074006f007200000000160000035b000000a900ffffff0000000300000a98000000d9fc0100000001fb0000001a0043006f006e0073006f006c00650041006c006c0041006c006c010000000000000a980000000000000000000006b60000050a00000001000000020000000100000008fc00000000
simulationViewPerspectives: 000000ff000000010000000200000172000008060100000006010000000100
sceneTreePerspectives: 000000ff0000000100000002000000c0000000fc0100000006010000000200
minimizedPerspectives: 000000ff00000000fd00000002000000010000011c0000035bfc0200000001fb0000001400540065007800740045006400690074006f007200000000160000035b0000003f00ffffff0000000300000a98000000d9fc0100000001fb0000001a0043006f006e0073006f006c00650041006c006c0041006c006c010000000000000a980000006900ffffff00000a980000035b00000001000000020000000100000008fc00000000
maximizedDockId: 0
centralWidgetVisible: 1
orthographicViewHeight: 1
textFiles: -1
renderingDevicePerspectives: vehicle:camera;1;2.5625;0.210134;0.0243509
renderingDevicePerspectives: vehicle:display;1;1;0;0
renderingDevicePerspectives: vehicle:display_th;1;3.14063;0.0312966;0.0186688
