Webots Project File version R2021b
perspectives: 000000ff00000000fd00000003000000000000043d000003e8fc0100000001fb0000001a0044006f00630075006d0065006e0074006100740069006f006e0000000000ffffffff00000000000000000000000100000188000004b8fc0200000001fb0000001400540065007800740045006400690074006f00720100000014000004b80000008900ffffff000000030000077e00000039fc0100000001fb0000001a0043006f006e0073006f006c00650041006c006c0041006c006c01000000000000077e00000000000000000000064e000004b800000001000000020000000100000008fc00000000
simulationViewPerspectives: 000000ff00000001000000020000016b000005c50100000002010000000101
sceneTreePerspectives: 000000ff00000001000000020000035a000000fa0100000002010000000201
minimizedPerspectives: 000000ff00000000fd00000003000000000000016c00000469fc0200000001fb00000012005300630065006e006500540072006500650100000019000004690000018500ffffff000000010000022e0000036bfc0200000001fb0000001400540065007800740045006400690074006f007201000000190000036b000000ab00ffffff00000003000005cd000000f8fc0100000001fb0000000e0043006f006e0073006f006c00650100000172000005cd0000004e00ffffff000003990000036b00000004000000040000000100000008fc00000000
maximizedDockId: -1
centralWidgetVisible: 1
orthographicViewHeight: 1
textFiles: 1 "controllers/autonomous_vehicle/autonomous_vehicle.c" "controllers/camera_pid/camera_pid.py"
globalOptionalRendering: DistanceSensorRays::CameraFrustums::LidarRaysPaths::ContactPoints::JointAxes
renderingDevicePerspectives: vehicle:camera;1;3.95313;0;0.00638498
renderingDevicePerspectives: vehicle:display;0;0.345;0.00922131;0.63782
renderingDevicePerspectives: vehicle:display_th;1;2.95313;0.693974;0.0155816
